q	I
0.0201202	0.006266801000000001
0.0206296	0.005147547700000001
0.0211389	0.0079973677
0.0216483	0.006765830299999999
0.0221577	0.0050069754000000005
0.0226671	0.004451533899999999
0.0231764	0.004723413500000001
0.0236858	0.004834899300000001
0.0241952	0.00355988017
0.0247045	0.003949324590000001
0.0252139	0.005161023459999999
0.0257233	0.0028219725499999994
0.0262327	0.0033966812799999992
0.026742	0.0026664253600000003
0.0272514	0.00428389908
0.0277608	0.005923702490000001
0.0282701	0.0037056718799999997
0.0287795	0.0020221130000000007
0.0292889	0.0031394623699999994
0.0297983	0.0021073886
0.0303076	0.00433577952
0.030817	0.0038508187899999992
0.0313264	0.0036049746500000004
0.0318357	0.0036172003800000003
0.0323451	0.003768053970000001
0.0328545	0.00406259608
0.0333639	0.0035159534500000004
0.0338732	0.0038705002799999996
0.0343826	0.002783677889999999
0.034892	0.0037652549999999995
0.0354014	0.004623292640000001
0.0359107	0.00231082345
0.0364201	0.00517029461
0.0369295	0.00328014366
0.0374388	0.0029711829699999998
0.0379482	0.0037964204800000007
0.0384576	0.0036721074200000005
0.038967	0.0029432496199999995
0.0394763	0.0037205411599999993
0.0399857	0.0028181273199999997
0.0404951	0.00367284303
0.0410044	0.0027626249900000004
0.0415138	0.0034303417
0.0420232	0.00247854308
0.0425326	0.00280720435
0.0430419	0.0028889925899999998
0.0435513	0.00306659065
0.0440607	0.0034200955399999997
0.04457	0.00245864226
0.0450794	0.0029226433100000004
0.0455888	0.0020924534400000006
0.0460982	0.0025678943999999995
0.0466075	0.0022327655599999998
0.0471169	0.0020667852900000004
0.0476263	0.00237176781
0.0481357	0.0017449514599999997
0.048645	0.0020358481899999995
0.0491544	0.00253215996
0.0496638	0.0019791565200000002
0.0501731	0.00262069837
0.0506825	0.0018473170000000002
0.0511919	0.0021676072300000006
0.0517013	0.0022132953099999997
0.0522106	0.00242882582
0.05272	0.0022650331899999997
0.0532294	0.0019928818400000003
0.0537387	0.00220566924
0.0542481	0.0028580903399999997
0.0547575	0.00242947746
0.0552669	0.0016316150900000004
0.0557762	0.00213831211
0.0562856	0.0018286351799999996
0.056795	0.0021685648299999997
0.0573043	0.0014271348100000003
0.0578137	0.00125506044
0.0583231	0.0025149292
0.0588325	0.0010268942500000003
0.0593418	0.0016241612700000005
0.0598512	0.0027945906199999997
0.0603606	0.0008448148900000001
0.0608699	0.0012145667900000001
0.0613793	0.0016720547699999996
0.0618887	0.0020655759100000003
0.0623981	0.00117771524
0.0629074	0.0016477667400000002
0.0634168	0.00131101893
0.0639262	0.0011683227699999998
0.0644356	0.0016920149300000001
0.0649449	0.0016717032999999997
0.0654543	0.0015240985400000002
0.0659637	0.0007193926500000001
0.066473	0.00164340968
0.0669824	0.00155487723
0.0674918	0.0015679523899999998
0.0680012	0.0014312282800000003
0.0685105	0.0015503928600000003
0.0690199	0.0008427470700000002
0.0695293	0.0005547516799999999
0.0700386	0.0008604073200000001
0.070548	0.00099872584
0.0710574	0.0002981801600000001
0.0715668	0.00059446634
0.0720761	0.0006138478399999999
0.0725855	0.0014050141699999998
0.0730949	0.0009694325400000001
0.0736042	0.0005724248100000004
0.0741136	0.00066741582
0.074623	0.0007900191100000003
0.0751324	0.00138572989
0.0756417	0.0012885334000000003
0.0761511	0.0009854585
0.0766605	0.0005234156499999997
0.0771699	5.318397000000008e-05
0.0776792	0.0004073588200000002
0.0781886	0.0004960540599999999
0.078698	0.00060799164
0.0792073	0.00027794826999999987
0.0797167	0.0010040658599999998
0.0802261	0.0005660689599999999
0.0807355	0.0007787477900000001
0.0812448	0.0011483291599999998
0.0817542	0.00019044256999999976
0.0822636	0.0005718506200000002
0.0827729	0.0005947086199999999
0.0832823	0.00093251338
0.0837917	0.00012295923000000012
0.0843011	0.0005756438500000003
0.0848104	0.00045152596999999996
0.0853198	0.00050483693
0.0858292	0.0006618044600000001
0.0863385	0.00022267093000000009
0.0868479	0.00135413636
0.0873573	0.0008696583000000003
0.0878667	0.0001362184100000001
0.088376	0.00035553059999999994
0.0888854	0.0010073982900000002
0.0893948	0.0002932490300000001
0.0899042	0.00063056608
0.0904135	0.0008748446999999999
0.0909229	0.0007274034500000001
0.0914323	7.210066000000025e-05
0.0919416	0.0006759762999999997
0.092451	0.00019960568000000015
0.0929604	0.00036898664
0.0934698	0.0002055630999999998
0.0939791	8.305592000000007e-05
0.0944885	-1.2029360000000069e-05
0.0949979	8.882000999999983e-05
0.0955072	0.0007665112899999998
0.0960166	0.0001798391299999997
0.096526	0.0007524588200000003
0.0970354	0.00035307090999999987
0.0975447	0.0003913106500000002
0.0980541	0.0005378405399999999
0.0985635	0.0005707944499999998
0.0990728	0.0011354904
0.0995822	0.00042004065999999996
0.100092	0.00063270291
0.100601	0.00012117279999999996
0.10111	0.00029307922999999986
0.10162	0.00118342481
0.102129	0.0005861533499999998
0.102638	0.0008049048799999999
0.103148	0.00099760423
0.103657	0.00041388905
0.104167	0.0006753772699999998
0.104676	0.0011361461199999997
0.105185	0.0012110480899999998
0.105695	0.00060923577
0.106204	0.0012728906200000002
0.106713	0.0011322039100000003
0.107223	0.00070991245
0.107732	0.0011037400299999996
0.108242	0.00050551386
0.108751	0.0004928065500000001
0.10926	0.00035752762999999993
0.10977	0.0006322381899999999
0.110279	0.0009528664200000002
0.110788	0.0015798100500000003
0.111298	0.0006395199100000001
0.111807	0.00080058977
0.112317	0.0014133970599999996
0.112826	0.0007599313999999999
0.113335	0.00196792725
0.113845	0.0014156795400000004
0.114354	0.0007502721799999999
0.114863	0.0014384038399999997
0.115373	0.0010557025899999998
0.115882	0.0011971507699999996
0.116391	0.0012092813499999999
0.116901	0.0013485504800000003
0.11741	0.0016134515100000003
0.11792	0.0014358496799999998
0.118429	0.00130408464
0.118938	0.0010769559700000001
0.119448	0.0010183947
0.119957	0.0013174923699999998
0.120466	0.00162558558
0.120976	0.0014105956600000001
0.121485	0.0014699849000000004
0.121995	0.0016359750899999997
0.122504	0.0015846651500000001
0.123013	0.0012418034899999994
0.123523	0.0016688132200000003
0.124032	0.00123843088
0.124541	0.0020550556
0.125051	0.0020359788500000004
0.12556	0.0018003000800000005
0.12607	0.0012137670999999997
0.126579	0.00189423789
0.127088	0.0017079497899999997
0.127598	0.0017874358200000002
0.128107	0.00113187124
0.128616	0.0018349377300000001
0.129126	0.0016313817399999995
0.129635	0.0018808801399999996
0.130145	0.0019290054300000001
0.130654	0.0020730929
0.131163	0.0020784075700000003
0.131673	0.0017161726200000003
0.132182	0.00223100526
0.132691	0.00217188289
0.133201	0.0017637487399999995
0.13371	0.00253535618
0.13422	0.00208895235
0.134729	0.002145011
0.135238	0.00179792189
0.135748	0.00232750939
0.136257	0.0020115318599999996
0.136766	0.0025427187699999998
0.137276	0.0017004411500000003
0.137785	0.0021598910500000004
0.138294	0.00203817426
0.138804	0.0024602036400000003
0.139313	0.00254311117
0.139823	0.0025477787
0.140332	0.0017962748000000003
0.140841	0.0027201767999999998
0.141351	0.0025114981300000004
0.14186	0.00271973386
0.142369	0.00276916248
0.142879	0.00215722994
0.143388	0.0028630721199999994
0.143898	0.0024614738399999997
0.144407	0.0025477750400000002
0.144916	0.0026897714099999998
0.145426	0.00299518865
0.145935	0.0026353035300000003
0.146444	0.00256936463
0.146954	0.0021912723199999998
0.147463	0.00237564793
0.147973	0.0022738393499999996
0.148482	0.0026149792200000003
0.148991	0.00284029697
0.149501	0.0024981391
0.15001	0.0029410143999999997
0.150519	0.00280607371
0.151029	0.0024459890800000005
0.151538	0.00236877943
0.152048	0.0026513661999999997
0.152557	0.0023970860099999996
0.153066	0.00255806927
0.153576	0.0022936739400000006
0.154085	0.0034260673400000005
0.154594	0.0035739891
0.155104	0.00253373821
0.155613	0.0029834354299999996
0.156123	0.0031098324299999995
0.156632	0.0031659353
0.157141	0.0027338717899999996
0.157651	0.0026563262299999996
0.15816	0.0025467518300000005
0.158669	0.00319477754
0.159179	0.0023683443500000004
0.159688	0.0026101781199999994
0.160197	0.00274815239
0.160707	0.00290637462
0.161216	0.00317473924
0.161726	0.00284664579
0.162235	0.0029705358700000003
0.162744	0.0036238428
0.163254	0.0030582206699999994
0.163763	0.00295565663
0.164272	0.0030621605199999996
0.164782	0.0038412071800000003
0.165291	0.00348398094
0.165801	0.0026501064200000002
0.16631	0.00333373212
0.166819	0.00311411552
0.167329	0.0025935957699999997
0.167838	0.0029308225700000004
0.168347	0.0031206654899999997
0.168857	0.0028292136900000004
0.169366	0.00277748689
0.169876	0.0031679278000000003
0.170385	0.00276965942
0.170894	0.00291236818
0.171404	0.0031891209999999996
0.171913	0.00262001486
0.172422	0.0022916407499999998
0.172932	0.0025481505200000004
0.173441	0.00288235284
0.173951	0.0027964815500000004
0.17446	0.00318725882
0.174969	0.0028713977899999994
0.175479	0.00284290342
0.175988	0.0028697771799999997
0.176497	0.0031239298699999997
0.177007	0.0031934286
0.177516	0.00307559639
0.178026	0.0028535550099999998
0.178535	0.0029511398799999997
0.179044	0.0032222610399999995
0.179554	0.00265647401
0.180063	0.00297684193
0.180572	0.0035379115700000002
0.181082	0.0031171344400000005
0.181591	0.0025307752000000004
0.1821	0.0028894826100000002
0.18261	0.00296380294
0.183119	0.0027114371800000003
0.183629	0.0028919181499999997
0.184138	0.0026075244500000003
0.184647	0.00253276496
0.185157	0.0027295439600000006
0.185666	0.0030215257699999997
0.186175	0.00320865118
0.186685	0.00308292271
0.187194	0.00297698199
0.187704	0.0023004757499999998
0.188213	0.0030384873599999997
0.188722	0.00255724729
0.189232	0.0027688871900000004
0.189741	0.0023993831799999994
0.19025	0.00230777242
0.19076	0.00228386347
0.191269	0.0032773022199999997
0.191779	0.00294831496
0.192288	0.00251739117
0.192797	0.00296345422
0.193307	0.0027315127
0.193816	0.0029747647199999997
0.194325	0.00245790107
0.194835	0.0027328799300000003
0.195344	0.0028150831000000004
0.195854	0.0024277357299999996
0.196363	0.0024032550499999998
0.196872	0.0024986104099999997
0.197382	0.0026726520399999996
0.197891	0.0027656765999999997
0.1984	0.0020792211600000002
0.19891	0.00233269578
0.199419	0.0027384548599999996
0.199928	0.0023278587300000005
0.200438	0.0025056451300000003
0.200947	0.0025181390600000006
0.201457	0.00290665977
0.201966	0.0023170780900000003
0.202475	0.00204613681
0.202985	0.00253330999
0.203494	0.0023038815499999998
0.204003	0.00221354924
0.204513	0.00249125177
0.205022	0.00201683177
0.205532	0.0024087180600000004
0.206041	0.0023528137700000004
0.20655	0.0020406300499999997
0.20706	0.00251997905
0.207569	0.0019720054999999995
0.208078	0.0022633743699999997
0.208588	0.00219978519
0.209097	0.00197943823
0.209607	0.00233548797
0.210116	0.0021603230899999997
0.210625	0.0021525833600000003
0.211135	0.0019436175
0.211644	0.0021789101500000003
0.212153	0.00217118184
0.212663	0.0018700347699999995
0.213172	0.00195531304
0.213682	0.0024127610000000002
0.214191	0.0022582518799999997
0.2147	0.00203784983
0.21521	0.0016622702699999998
0.215719	0.0018852045600000005
0.216228	0.00211157969
0.216738	0.00214558759
0.217247	0.0014316886100000001
0.217757	0.00209236849
0.218266	0.00233841827
0.218775	0.0022586621
0.219285	0.00148184801
0.219794	0.0017466644200000003
0.220303	0.00206190763
0.220813	0.0019048105800000001
0.221322	0.0016609817800000005
0.221831	0.00199538073
0.222341	0.0016125769699999997
0.22285	0.00185834661
0.22336	0.0015014400099999997
0.223869	0.0015175292899999998
0.224378	0.0019058278300000003
0.224888	0.00196134569
0.225397	0.00143404299
0.225906	0.0018203732899999998
0.226416	0.00202546296
0.226925	0.0017161382199999999
0.227435	0.0012344086100000004
0.227944	0.0015748184799999998
0.228453	0.00138886565
0.228963	0.0017688564000000002
0.229472	0.0012612847500000006
0.229981	0.0018747744799999994
0.230491	0.00161432149
0.231	0.0019089221599999998
0.23151	0.0014008638099999998
0.232019	0.0012608924000000001
0.232528	0.0015517881700000003
0.233038	0.0017263506700000001
0.233547	0.0020515889200000002
0.234056	0.0016281450900000002
0.234566	0.0015955612600000004
0.235075	0.0012326817
0.235585	0.0017176592799999996
0.236094	0.00059822368
0.236603	0.0013638322899999999
0.237113	0.0014406742099999999
0.237622	0.0014355514899999995
0.238131	0.00140247877
0.238641	0.0012127020899999996
0.23915	0.0008541315300000002
0.23966	0.0012288948799999999
0.240169	0.00092452408
0.240678	0.0011264230800000002
0.241188	0.0018608804299999997
0.241697	0.0014670161999999999
0.242206	0.0009993916200000002
0.242716	0.0013066509999999998
0.243225	0.0013427238
0.243734	0.0012070449399999997
0.244244	0.0005798740799999999
0.244753	0.0014631550700000004
0.245263	0.0006868506300000002
0.245772	0.0010621149900000002
0.246281	0.00132274286
0.246791	0.0013256202900000006
0.2473	0.0015462620700000002
0.247809	0.0009349785099999996
0.248319	0.0012067750600000004
0.248828	0.0014129938900000003
0.249338	0.00127587229
0.249847	0.0009674201900000002
0.250356	0.0010097939
0.250866	0.0011304138699999998
0.251375	0.00104216878
0.251884	0.0011877468999999998
0.252394	0.00142998181
0.252903	0.0014842681199999995
0.253413	0.0006669839699999999
0.253922	0.0011464055399999997
0.254431	0.00135596396
0.254941	0.00146248441
0.25545	0.0012266783000000002
0.255959	0.0008512784700000003
0.256469	0.0016401799899999998
0.256978	0.0009791047700000001
0.257488	0.0007830802099999998
0.257997	0.00122425947
0.258506	0.00106497719
0.259016	0.00070397629
0.259525	0.00088748193
0.260034	0.0008858857800000002
0.260544	0.0009521235600000004
0.261053	0.0015273470900000002
0.261563	0.0010520885999999998
0.262072	0.00096459705
0.262581	0.00044925586999999996
0.263091	0.0006936377100000002
0.2636	0.00072070432
0.264109	0.0009654524200000004
0.264619	0.00093307702
0.265128	0.0007134079600000002
0.265637	0.0010528764499999998
0.266147	0.0009430898499999999
0.266656	0.0012127575999999998
0.267166	0.0006243649
0.267675	0.0007556414600000004
0.268184	0.0006330583799999999
0.268694	0.0008272661799999998
0.269203	0.0003209883499999998
0.269712	0.00067638701
0.270222	0.0011503901099999998
0.270731	0.00076771509
0.271241	0.0009112137500000002
0.27175	0.00106183297
0.272259	0.0009655853700000004
0.272769	0.0009245197699999999
0.273278	0.00083507289
0.273787	0.0009694487800000003
0.274297	0.0009627093399999999
0.274806	0.0006179814099999997
0.275316	0.00073391596
0.275825	0.0008348856799999999
0.276334	0.00065910449
0.276844	0.0009604364
0.277353	0.0009275698600000001
0.277862	0.0006608432600000002
0.278372	0.0006799174900000001
0.278881	0.00065982114
0.279391	0.00124488939
0.2799	0.0005925175899999997
0.280409	0.0008519680899999999
0.280919	0.00038936175
0.281428	0.0006925381
0.281937	0.00129563235
0.282447	0.0010337359200000003
0.282956	0.0009747295900000004
0.283465	0.0006106416499999999
0.283975	0.0006372879899999998
0.284484	0.0006619360899999998
0.284994	0.0011452925899999998
0.285503	0.00111210183
0.286012	0.0005299312
0.286522	0.0005608018200000003
0.287031	0.00057228231
0.28754	0.0007661852199999999
0.28805	0.00043345134
0.288559	0.0004348041299999999
0.289069	0.0005475057
0.289578	0.0009542045699999996
0.290087	0.0002851233300000004
0.290597	0.0010422452299999998
0.291106	0.0005920508700000002
0.291615	0.00087603236
0.292125	0.0005726790800000001
0.292634	0.0005974518599999997
0.293144	0.00073038979
0.293653	0.0010203719099999998
0.294162	0.0006219355099999998
0.294672	0.0007564092999999997
0.295181	0.0005808040300000002
0.29569	0.0010029765999999998
0.2962	0.00096380149
0.296709	0.0005835356100000002
0.297219	0.00016338589000000018
0.297728	0.0006816174299999998
0.298237	0.0006590623899999999
0.298747	0.0007749707700000002
0.299256	0.0006231604299999998
0.299765	0.0005809543700000001
0.300275	0.0006083001699999997
0.300784	0.0003357443699999996
0.301294	0.0006962197600000001
0.301803	0.0004513060200000002
0.302312	0.00120492941
0.302822	0.0008895427199999998
0.303331	0.0006899889999999998
0.30384	0.0008107382800000003
0.30435	0.00041759417000000005
0.304859	0.0008249515000000002
0.305368	0.0010621311800000002
0.305878	0.00023631823000000007
0.306387	0.0009499585699999998
0.306897	0.0007230826899999997
0.307406	0.00041366430999999985
0.307915	0.00094658257
0.308425	0.00074262604
0.308934	0.0005818584700000001
0.309443	0.0004585689199999997
0.309953	0.0011097454900000003
0.310462	0.0006079717299999998
0.310972	0.00069144808
0.311481	0.0006247107499999997
0.31199	0.0009688178599999999
0.3125	0.00071936663
0.313009	0.00083964023
0.313518	0.0007307496500000002
0.314028	0.0006120694199999999
0.314537	0.00023269383000000012
0.315047	0.00093269661
0.315556	0.0007950888000000001
0.316065	0.00034893428999999967
0.316575	0.00082722554
0.317084	0.0007729205
0.317593	0.00032127591000000004
0.318103	0.0005080602599999997
0.318612	0.00062326381
0.319122	0.0009708757999999998
0.319631	0.0009255893999999998
0.32014	0.00059782006
0.32065	0.00051375627
0.321159	0.0005466344400000002
0.321668	0.00024406568999999975
0.322178	0.0005863607900000001
0.322687	0.0005617266699999997
0.323197	0.0002912568799999997
0.323706	0.0009470700399999998
0.324215	0.0001915540900000001
0.324725	0.00023511676000000006
0.325234	0.0002950223499999997
0.325743	0.0011933421300000004
0.326253	0.0005465249300000002
0.326762	0.0009327433500000001
0.327271	0.0009744613199999998
0.327781	0.0004802091900000002
0.32829	0.0010231167399999998
0.3288	0.00060411806
0.329309	0.0011079301699999998
0.329818	0.0004956689200000001
0.330328	0.0009339469900000001
0.330837	0.0007168227200000004
0.331346	0.0009264333400000003
0.331856	0.0006632167599999999
0.332365	0.0007977269299999997
0.332875	0.0012150468999999999
0.333384	0.00044978675999999976
0.333893	0.00045815193000000014
0.334403	1.4138830000000064e-05
0.334912	0.0010549088800000002
0.335421	0.0006032975999999998
0.335931	0.0006651770499999997
0.33644	0.00086848435
0.33695	0.0013583866199999997
0.337459	0.0006665877100000004
0.337968	0.0009623920399999997
0.338478	0.00133116264
0.338987	0.0008007356000000001
0.339496	0.00101030118
0.340006	0.0009739301699999998
0.340515	0.00052533654
0.341025	0.0005651176100000001
0.341534	0.0011844839299999998
0.342043	0.0006341484200000002
0.342553	0.0009351555300000001
0.343062	0.0006986277800000002
0.343571	6.643199999999995e-05
0.344081	0.00073570775
0.34459	0.0006796868700000001
0.3451	0.0007068046099999998
0.345609	0.00030476455999999983
0.346118	0.0006657647700000001
0.346628	0.00052805357
0.347137	0.0002901282899999999
0.347646	0.0006633789500000002
0.348156	0.00050999545
0.348665	0.00066218717
0.349174	0.00087410295
0.349684	0.00142391606
0.350193	0.0010248901999999997
0.350703	0.0001546187099999998
0.351212	0.0007353491100000002
0.351721	0.0005237479299999999
0.352231	0.00044414346000000004
0.35274	0.00038921315000000007
0.353249	0.0008940349900000001
0.353759	0.0007041787
0.354268	0.0011868106000000002
0.354778	0.00110665558
0.355287	0.0014088551599999999
0.355796	0.0002760381899999998
0.356306	0.00057988663
0.356815	0.00130201438
0.357324	-7.257124999999988e-05
0.357834	0.0010073818000000002
0.358343	0.00079212801
0.358853	0.00065897652
0.359362	0.0006284789999999999
0.359871	0.00084838264
0.360381	0.0001432465899999999
0.36089	-0.00018162086999999995
0.361399	0.00016553474999999977
0.361909	0.00036494395000000006
0.362418	0.00132837602
0.362928	0.00041922120000000007
0.363437	0.0003411695399999997
0.363946	0.00042364420999999996
0.364456	0.0002724496300000002
0.364965	0.00014372507000000008
0.365474	0.00010429436999999982
0.365984	0.00025431895
0.366493	0.0008404933499999998
0.367003	-1.4101989999999818e-05
0.367512	0.0003241223899999998
0.368021	0.0004385031400000001
0.368531	-6.666765999999982e-05
0.36904	0.00018820890999999987
0.369549	0.00105953652
0.370059	4.8786129999999796e-05
0.370568	0.00045056396999999977
0.371077	0.0011382397499999997
0.371587	0.00014524326000000002
0.372096	0.0005013418400000003
0.372606	0.0007352678499999996
0.373115	0.0007236956100000001
0.373624	0.00063481661
0.374134	-0.0001483335799999999
0.374643	0.00114024874
0.375152	0.0002475240299999997
0.375662	0.0007946307099999999
0.376171	0.00052607564
0.376681	0.0008112937600000003
0.37719	0.0005541200199999999
0.377699	0.0015426219499999998
0.378209	0.0009259345800000001
0.378718	0.00051571597
0.379227	0.00048915539
0.379737	0.0004777500999999999
0.380246	0.00028978130999999987
0.380756	0.0003686940599999999
0.381265	0.0001367283900000002
0.381774	0.0017271021700000005
0.382284	0.0009737265
0.382793	0.0003654803700000003
0.383302	0.0009878774499999998
0.383812	0.0015073830399999996
0.384321	0.0007902088500000002
0.384831	-0.0004139234000000002
0.38534	0.0020453703000000004
0.385849	0.00066456938
0.386359	0.00123052708
0.386868	0.0003946822699999997
0.387377	0.0010929974800000003
0.387887	0.0009540408
0.388396	0.0010918324900000003
0.388905	0.0014863851000000003
0.389415	0.00205887819
0.389924	0.0010192340499999997
0.390434	0.00048141593
0.390943	0.0008888159100000001
0.391452	0.0005070591300000002
0.391962	0.0019164237300000001
0.392471	0.00034506030999999996
0.39298	0.00091376967
0.39349	0.0011598703
0.393999	0.0008758895600000003
0.394509	0.0014797466499999997
0.395018	0.0010093395
0.395527	0.00013441216000000021
0.396037	0.0010511155100000002
0.396546	0.0004613145200000001
0.397055	0.0009448860899999999
0.397565	-0.0003734763999999999
0.398074	0.0006276045700000002
0.398584	0.00010592961999999996
0.399093	-3.617789999999996e-05
0.399602	0.0005696583200000003
