q	I
0.0201202	0.003449187999999999
0.0206296	0.0045216661
0.0211389	0.003696974700000001
0.0216483	0.0027402968999999996
0.0221577	0.0027684054
0.0226671	0.0015517762000000004
0.0231764	0.0034792595
0.0236858	0.0013464992999999998
0.0241952	0.004460938500000001
0.0247045	0.00413808442
0.0252139	0.0032299823300000006
0.0257233	0.0018789961600000002
0.0262327	0.0069039869799999995
0.026742	0.0031253692000000003
0.0272514	0.0031239304200000005
0.0277608	0.0023698216099999996
0.0282701	0.00423003225
0.0287795	0.0032491626700000007
0.0292889	0.0030341961299999998
0.0297983	0.0036264954199999996
0.0303076	0.00323029509
0.030817	0.004991130690000001
0.0313264	0.0037874699699999995
0.0318357	0.0025884505500000004
0.0323451	0.00222149489
0.0328545	0.00408614062
0.0333639	0.004363830830000001
0.0338732	0.0035433613699999995
0.0343826	0.003376357230000001
0.034892	0.0038618562100000003
0.0354014	0.0032495044400000003
0.0359107	0.00251896083
0.0364201	0.0029142349300000005
0.0369295	0.00395826047
0.0374388	0.00301402887
0.0379482	0.00382666133
0.0384576	0.00381885251
0.038967	0.0037483100499999997
0.0394763	0.0027628211499999998
0.0399857	0.0030846388
0.0404951	0.00296157325
0.0410044	0.00259433684
0.0415138	0.00394718378
0.0420232	0.0043201101999999995
0.0425326	0.0038740070600000003
0.0430419	0.0036645144000000004
0.0435513	0.0035229585499999996
0.0440607	0.0030076287000000003
0.04457	0.00323301577
0.0450794	0.0034404739099999997
0.0455888	0.00434994373
0.0460982	0.0017593338200000003
0.0466075	0.00283765936
0.0471169	0.004377899120000001
0.0476263	0.0029576695800000003
0.0481357	0.0033300999100000003
0.048645	0.00316215595
0.0491544	0.0032917259599999998
0.0496638	0.0035246856299999997
0.0501731	0.0029906131199999996
0.0506825	0.004060315219999999
0.0511919	0.0038714763099999996
0.0517013	0.0034952826300000002
0.0522106	0.00297225542
0.05272	0.0025349840099999996
0.0532294	0.00258635577
0.0537387	0.00448772843
0.0542481	0.0034177508500000003
0.0547575	0.0029857840599999998
0.0552669	0.00311504149
0.0557762	0.0039657752099999995
0.0562856	0.00274383577
0.056795	0.00376323086
0.0573043	0.003933559059999999
0.0578137	0.00279036116
0.0583231	0.0038842968600000002
0.0588325	0.00428545792
0.0593418	0.00328904758
0.0598512	0.0025558102000000004
0.0603606	0.00381704593
0.0608699	0.00396106251
0.0613793	0.00390489397
0.0618887	0.00346815156
0.0623981	0.00457746027
0.0629074	0.00508618976
0.0634168	0.00372079403
0.0639262	0.0037604759300000003
0.0644356	0.0038198829099999995
0.0649449	0.0030318245599999997
0.0654543	0.00347437765
0.0659637	0.0035443428600000003
0.066473	0.00438380613
0.0669824	0.0041424554
0.0674918	0.00374230756
0.0680012	0.004429117
0.0685105	0.00344186363
0.0690199	0.0033529018199999995
0.0695293	0.00405605353
0.0700386	0.00378025932
0.070548	0.00355395316
0.0710574	0.0038100212
0.0715668	0.0047112778
0.0720761	0.0028706408100000005
0.0725855	0.00212045235
0.0730949	0.00361215332
0.0736042	0.00394973217
0.0741136	0.0033541053100000005
0.074623	0.0040128878
0.0751324	0.00361251923
0.0756417	0.003950271809999999
0.0761511	0.00324707023
0.0766605	0.00377365264
0.0771699	0.0030846014800000004
0.0776792	0.0034569636499999995
0.0781886	0.0036267926999999996
0.078698	0.0030907986299999997
0.0792073	0.0037491521000000004
0.0797167	0.00255546843
0.0802261	0.00323624318
0.0807355	0.0037189853700000004
0.0812448	0.0023663250900000004
0.0817542	0.0030176284899999994
0.0822636	0.0038393809
0.0827729	0.0031706889
0.0832823	0.00245348599
0.0837917	0.0028047813099999997
0.0843011	0.0018994985499999999
0.0848104	0.00304730823
0.0853198	0.00254468388
0.0858292	0.00292357424
0.0863385	0.0027772726499999995
0.0868479	0.0020726520800000005
0.0873573	0.00212254996
0.0878667	0.00260201087
0.088376	0.00237598322
0.0888854	0.0030145456400000005
0.0893948	0.0018595681099999998
0.0899042	0.00210780353
0.0904135	0.0018212995600000005
0.0909229	0.002005756
0.0914323	0.0014915404699999998
0.0919416	0.0015555150499999997
0.092451	0.0015388208099999996
0.0929604	0.00180674776
0.0934698	0.0017224698599999995
0.0939791	0.0017005496800000003
0.0944885	0.00113360818
0.0949979	0.0009958581
0.0955072	0.0016431353300000004
0.0960166	0.001332414
0.096526	0.0013242350300000003
0.0970354	0.0010478399199999999
0.0975447	0.00075975271
0.0980541	0.0011393874900000002
0.0985635	0.0008241712399999998
0.0990728	0.0004767285000000002
0.0995822	0.0009261427999999999
0.100092	0.0009405631900000003
0.100601	0.00159485254
0.10111	0.0015975394099999995
0.10162	0.0017089298799999996
0.102129	0.0014294961500000004
0.102638	0.0014400763399999997
0.103148	0.0014877423099999999
0.103657	0.0017150704
0.104167	0.0019001207899999998
0.104676	0.0015862403099999997
0.105185	0.0019583614999999998
0.105695	0.0022751099299999997
0.106204	0.00194961728
0.106713	0.00211849861
0.107223	0.00255856325
0.107732	0.0024946443
0.108242	0.0023069169200000002
0.108751	0.0020222032000000003
0.10926	0.0021450797000000005
0.10977	0.00371505985
0.110279	0.0031178071900000003
0.110788	0.0028242940699999995
0.111298	0.0030413008
0.111807	0.0036937066599999997
0.112317	0.00414566075
0.112826	0.004424085229999999
0.113335	0.00414315206
0.113845	0.00374785878
0.114354	0.0043618784399999996
0.114863	0.0038030273900000002
0.115373	0.0036235048100000003
0.115882	0.00438447972
0.116391	0.00481610067
0.116901	0.00534352006
0.11741	0.00578503966
0.11792	0.005822407029999999
0.118429	0.005755524749999999
0.118938	0.005905694269999999
0.119448	0.00617496504
0.119957	0.006242336309999999
0.120466	0.006373912510000001
0.120976	0.006028803449999999
0.121485	0.006278015350000001
0.121995	0.00725111275
0.122504	0.005345076919999999
0.123013	0.00699840564
0.123523	0.006611581740000001
0.124032	0.007400879899999999
0.124541	0.00670269624
0.125051	0.0074927606299999994
0.12556	0.00803763719
0.12607	0.0071737521899999995
0.126579	0.00780033986
0.127088	0.00746682033
0.127598	0.00898812613
0.128107	0.00841522474
0.128616	0.00838054421
0.129126	0.00871383719
0.129635	0.00859012927
0.130145	0.008457114339999999
0.130654	0.008360278379999999
0.131163	0.00818663276
0.131673	0.009068669460000001
0.132182	0.008670720469999999
0.132691	0.009155826249999999
0.133201	0.00910443878
0.13371	0.00909488117
0.13422	0.00973390552
0.134729	0.01003358523
0.135238	0.01075239113
0.135748	0.010373375399999999
0.136257	0.01080120396
0.136766	0.010600657999999999
0.137276	0.010023822180000001
0.137785	0.01059330933
0.138294	0.01154895492
0.138804	0.011555535999999998
0.139313	0.01110871876
0.139823	0.01123096922
0.140332	0.011601001310000001
0.140841	0.01180059451
0.141351	0.01141865635
0.14186	0.01247267923
0.142369	0.011661535220000002
0.142879	0.01192193518
0.143388	0.0126630584
0.143898	0.01300016048
0.144407	0.01244660381
0.144916	0.01377373199
0.145426	0.013635645489999999
0.145935	0.01237350957
0.146444	0.013093124619999999
0.146954	0.01338478722
0.147463	0.01268924087
0.147973	0.013835809550000001
0.148482	0.013323361399999999
0.148991	0.013966288589999999
0.149501	0.01395307727
0.15001	0.01445266363
0.150519	0.014486132450000001
0.151029	0.01401161215
0.151538	0.014825164969999999
0.152048	0.01424020672
0.152557	0.01477907158
0.153066	0.015390959939999999
0.153576	0.015682087770000002
0.154085	0.01535822566
0.154594	0.01565293882
0.155104	0.015129037710000001
0.155613	0.01569702269
0.156123	0.01626607213
0.156632	0.015842124069999998
0.157141	0.01646126798
0.157651	0.01675311625
0.15816	0.01616989506
0.158669	0.01590604496
0.159179	0.01589747391
0.159688	0.017443513860000003
0.160197	0.01723729602
0.160707	0.0182754431
0.161216	0.01746716287
0.161726	0.01762890538
0.162235	0.01825753858
0.162744	0.01759652648
0.163254	0.01751160743
0.163763	0.01818660586
0.164272	0.01806475281
0.164782	0.017904162100000003
0.165291	0.0190256585
0.165801	0.01942506227
0.16631	0.01805961093
0.166819	0.019676254879999997
0.167329	0.01941256262
0.167838	0.01984896256
0.168347	0.01894657284
0.168857	0.01944392781
0.169366	0.01914220748
0.169876	0.019490255839999998
0.170385	0.02027547701
0.170894	0.02027785915
0.171404	0.01997197586
0.171913	0.01898555311
0.172422	0.02078159303
0.172932	0.01997277227
0.173441	0.02007963755
0.173951	0.02026722536
0.17446	0.02079397995
0.174969	0.0205780589
0.175479	0.01989926721
0.175988	0.02082193561
0.176497	0.02164782539
0.177007	0.02078658197
0.177516	0.020986131829999997
0.178026	0.0216603526
0.178535	0.02059765899
0.179044	0.02102529182
0.179554	0.02106293747
0.180063	0.02101046929
0.180572	0.021437602400000002
0.181082	0.02031749118
0.181591	0.02131049534
0.1821	0.0219954318
0.18261	0.02039318557
0.183119	0.02179850916
0.183629	0.021416207450000002
0.184138	0.0214847951
0.184647	0.0211098225
0.185157	0.02199630188
0.185666	0.02172588205
0.186175	0.02128329461
0.186685	0.02199310981
0.187194	0.021803100580000002
0.187704	0.02125699168
0.188213	0.02203749311
0.188722	0.0211104717
0.189232	0.02128372825
0.189741	0.021030840210000002
0.19025	0.02183204243
0.19076	0.02137088614
0.191269	0.02111518811
0.191779	0.02081596706
0.192288	0.02107376288
0.192797	0.02196363292
0.193307	0.021104456629999997
0.193816	0.02048433184
0.194325	0.020265620550000002
0.194835	0.02068576161
0.195344	0.02092280882
0.195854	0.02014601409
0.196363	0.0213062426
0.196872	0.02035919457
0.197382	0.020296628320000003
0.197891	0.02024398414
0.1984	0.01919962125
0.19891	0.01966311211
0.199419	0.01972859254
0.199928	0.01922234686
0.200438	0.0195811191
0.200947	0.02007268844
0.201457	0.01911346089
0.201966	0.019947632700000002
0.202475	0.01896054652
0.202985	0.01867913649
0.203494	0.019479651719999998
0.204003	0.01830422151
0.204513	0.01790443771
0.205022	0.01816739115
0.205532	0.01841588526
0.206041	0.01796291985
0.20655	0.018579777159999998
0.20706	0.01789278781
0.207569	0.01796368537
0.208078	0.0180129886
0.208588	0.01747845606
0.209097	0.01751217163
0.209607	0.01754473482
0.210116	0.01730643893
0.210625	0.016162259050000002
0.211135	0.01695160669
0.211644	0.01751907753
0.212153	0.01664442616
0.212663	0.01668473734
0.213172	0.01652693731
0.213682	0.015699175189999998
0.214191	0.01662791328
0.2147	0.01572635025
0.21521	0.01532613587
0.215719	0.01527001346
0.216228	0.01540987085
0.216738	0.015165436999999999
0.217247	0.01564908666
0.217757	0.01478775835
0.218266	0.01455936213
0.218775	0.01284467085
0.219285	0.014024055580000002
0.219794	0.014540988040000001
0.220303	0.013630992710000001
0.220813	0.0138318653
0.221322	0.01399626951
0.221831	0.01354865907
0.222341	0.013550850419999998
0.22285	0.0126971203
0.22336	0.013158393729999999
0.223869	0.01292876191
0.224378	0.01339301932
0.224888	0.01215403303
0.225397	0.01249129768
0.225906	0.012449300270000001
0.226416	0.011777167920000001
0.226925	0.01256585088
0.227435	0.01181908594
0.227944	0.011649527
0.228453	0.012229923680000001
0.228963	0.01122115555
0.229472	0.01166191447
0.229981	0.01099346361
0.230491	0.01165496206
0.231	0.010720087
0.23151	0.01118288774
0.232019	0.01034462873
0.232528	0.01090785959
0.233038	0.011004125310000001
0.233547	0.01038978574
0.234056	0.01021206695
0.234566	0.00992109187
0.235075	0.009961000349999999
0.235585	0.00981183479
0.236094	0.01010929385
0.236603	0.009737881850000001
0.237113	0.01010770339
0.237622	0.00954389575
0.238131	0.00935297797
0.238641	0.00994891772
0.23915	0.00918726702
0.23966	0.00861323802
0.240169	0.008524148090000001
0.240678	0.008911571049999999
0.241188	0.009198867619999999
0.241697	0.00853741022
0.242206	0.00867973986
0.242716	0.0085847544
0.243225	0.00822343533
0.243734	0.00840648723
0.244244	0.00839322281
0.244753	0.008340824719999999
0.245263	0.00772328521
0.245772	0.007537252059999999
0.246281	0.007914317570000001
0.246791	0.007589029810000001
0.2473	0.00719359742
0.247809	0.007112537689999999
0.248319	0.0078538593
0.248828	0.00657127041
0.249338	0.00690323417
0.249847	0.007515439169999999
0.250356	0.00692932846
0.250866	0.006568293300000001
0.251375	0.00722660623
0.251884	0.006567327040000001
0.252394	0.007039264830000001
0.252903	0.00667656226
0.253413	0.006130341819999999
0.253922	0.00572317489
0.254431	0.00639692178
0.254941	0.0065854205199999995
0.25545	0.006083859980000001
0.255959	0.006572305399999999
0.256469	0.00617185636
0.256978	0.00590154892
0.257488	0.00581587391
0.257997	0.00584231713
0.258506	0.006268306750000001
0.259016	0.006192749820000001
0.259525	0.00580052174
0.260034	0.005496385150000001
0.260544	0.005525259289999999
0.261053	0.00624639244
0.261563	0.005493502239999999
0.262072	0.0053892851
0.262581	0.00544492666
0.263091	0.004692292190000001
0.2636	0.00504461569
0.264109	0.005084905339999999
0.264619	0.00489762564
0.265128	0.00468173469
0.265637	0.0050835879
0.266147	0.004842668350000001
0.266656	0.00524450424
0.267166	0.004877731560000001
0.267675	0.003998516840000001
0.268184	0.00413223647
0.268694	0.004744684460000001
0.269203	0.00438259291
0.269712	0.0045970019300000005
0.270222	0.0045070380100000005
0.270731	0.00463356859
0.271241	0.00452587416
0.27175	0.00446982131
0.272259	0.00399836544
0.272769	0.00406711683
0.273278	0.00374697544
0.273787	0.00411104363
0.274297	0.0036808038500000004
0.274806	0.0038508377599999997
0.275316	0.00428583293
0.275825	0.003177176
0.276334	0.00370981462
0.276844	0.00418450467
0.277353	0.0034458192299999997
0.277862	0.004011037659999999
0.278372	0.0036158472099999998
0.278881	0.0038715792
0.279391	0.00342315523
0.2799	0.0035393743499999995
0.280409	0.0038433245899999998
0.280919	0.00398661511
0.281428	0.00336272891
0.281937	0.0029962638300000005
0.282447	0.00313575529
0.282956	0.00339340483
0.283465	0.0028490375600000004
0.283975	0.00368120466
0.284484	0.0036122097700000003
0.284994	0.0029910112099999996
0.285503	0.0035685785899999996
0.286012	0.0030460304999999997
0.286522	0.00308913601
0.287031	0.0034523201300000004
0.28754	0.00340678584
0.28805	0.0033742145
0.288559	0.00324362489
0.289069	0.0033816311999999996
0.289578	0.00310685276
0.290087	0.0027554099500000004
0.290597	0.0030427273800000005
0.291106	0.00337779826
0.291615	0.00342873095
0.292125	0.0028642217899999996
0.292634	0.0029207688499999994
0.293144	0.0027700037
0.293653	0.00323744067
0.294162	0.00241330414
0.294672	0.0030207615899999997
0.295181	0.00255572404
0.29569	0.00296052642
0.2962	0.0030375161299999996
0.296709	0.0024627574599999998
0.297219	0.00291664641
0.297728	0.0026568111800000004
0.298237	0.0023209203100000003
0.298747	0.0029935394
0.299256	0.0027475628199999996
0.299765	0.00267643028
0.300275	0.00255762144
0.300784	0.00218314024
0.301294	0.0025132111
0.301803	0.0023058704799999996
0.302312	0.00291825701
0.302822	0.00275119366
0.303331	0.0026476932899999997
0.30384	0.00263765889
0.30435	0.0026885824500000005
0.304859	0.00269927988
0.305368	0.0029748743400000006
0.305878	0.0030100469900000005
0.306387	0.0021571877500000006
0.306897	0.00242244018
0.307406	0.0025657208399999997
0.307915	0.0022576031300000003
0.308425	0.00230765355
0.308934	0.00235458763
0.309443	0.0025670156200000003
0.309953	0.0022393366099999995
0.310462	0.0018949488399999997
0.310972	0.0026798056900000002
0.311481	0.0019647069300000003
0.31199	0.00283260544
0.3125	0.00277418054
0.313009	0.00263179208
0.313518	0.0029781571400000002
0.314028	0.0023158577400000002
0.314537	0.00221081797
0.315047	0.0027185218100000005
0.315556	0.0022811629700000002
0.316065	0.0023154848499999997
0.316575	0.0027184468999999997
0.317084	0.0024946186499999997
0.317593	0.0023869987199999997
0.318103	0.0020996128200000005
0.318612	0.0026541385700000002
0.319122	0.0017357829500000005
0.319631	0.00246001112
0.32014	0.00260171419
0.32065	0.00221553013
0.321159	0.00250849702
0.321668	0.00246328508
0.322178	0.00234891833
0.322687	0.00278564693
0.323197	0.00268451669
0.323706	0.00245500119
0.324215	0.00207197432
0.324725	0.00214772559
0.325234	0.0029520942399999996
0.325743	0.0026012805499999996
0.326253	0.0021315626
0.326762	0.0021323437699999996
0.327271	0.00257216404
0.327781	0.00205602106
0.32829	0.00270028067
0.3288	0.00232116308
0.329309	0.0021972980200000002
0.329818	0.00217915093
0.330328	0.0026825307
0.330837	0.00227166217
0.331346	0.00229598897
0.331856	0.00203691284
0.332365	0.00212841634
0.332875	0.00227546878
0.333384	0.002125986
0.333893	0.0016131722499999998
0.334403	0.0021958253599999996
0.334912	0.00199117222
0.335421	0.00199198338
0.335931	0.0013583601300000002
0.33644	0.0028853647700000005
0.33695	0.00292595935
0.337459	0.0019295487300000002
0.337968	0.00226817751
0.338478	0.0031246195799999998
0.338987	0.0024296326
0.339496	0.0025939606299999994
0.340006	0.00280848697
0.340515	0.00223245468
0.341025	0.0018428655599999999
0.341534	0.00207335664
0.342043	0.0020192087099999995
0.342553	0.00242696607
0.343062	0.00265533842
0.343571	0.0012334152900000004
0.344081	0.00202979635
0.34459	0.0023266969
0.3451	0.0017106180699999998
0.345609	0.00332389013
0.346118	0.00203578675
0.346628	0.0018588371400000002
0.347137	0.00173146394
0.347646	0.0021187146300000004
0.348156	0.0015434388899999998
0.348665	0.00271693001
0.349174	0.0020746556800000002
0.349684	0.0022765552999999997
0.350193	0.00204418611
0.350703	0.0023213619
0.351212	0.00296007082
0.351721	0.0024718915400000004
0.352231	0.00269669215
0.35274	0.00213086539
0.353249	0.0019465173799999998
0.353759	0.00181950454
0.354268	0.0030034819800000005
0.354778	0.00198193953
0.355287	0.0019155320300000005
0.355796	0.00226742769
0.356306	0.0023764813299999997
0.356815	0.0022227442999999997
0.357324	0.0021672495999999998
0.357834	0.0016146567999999997
0.358343	0.0017682478
0.358853	0.00225328453
0.359362	0.00235449479
0.359871	0.0019243524799999997
0.360381	0.00252208333
0.36089	0.0012041070900000003
0.361399	0.00210745459
0.361909	0.0019886437400000005
0.362418	0.0025486233599999997
0.362928	0.0023182062099999998
0.363437	0.00209035753
0.363946	0.00202662591
0.364456	0.0024312980899999998
0.364965	0.0020121562
0.365474	0.0008041432199999998
0.365984	0.00139113366
0.366493	0.0019559061200000003
0.367003	0.0020422002399999996
0.367512	0.0018399199300000004
0.368021	0.0015804618999999995
0.368531	0.0020136821
0.36904	0.00248855619
0.369549	0.0017965932099999996
0.370059	0.0013839488500000004
0.370568	0.0027716416499999996
0.371077	0.00128216922
0.371587	0.0030602306
0.372096	0.00140591041
0.372606	0.0027245849999999994
0.373115	0.00254993836
0.373624	0.00264792813
0.374134	0.00214510612
0.374643	0.0013715106600000002
0.375152	0.0014805187500000002
0.375662	0.0029335519799999995
0.376171	0.00297115259
0.376681	0.00265020597
0.37719	0.0019861138700000003
0.377699	0.0023774236000000002
0.378209	0.0020087047300000006
0.378718	0.0016309551600000006
0.379227	0.0017026208300000003
0.379737	0.00237164398
0.380246	0.0009183008300000001
0.380756	0.0009909507200000001
0.381265	0.00264597477
0.381774	0.00253765834
0.382284	1.4805220000000101e-05
0.382793	0.0014238623899999999
0.383302	0.002250467
0.383812	0.0014467662600000002
0.384321	0.0020988374099999998
0.384831	0.0019432878
0.38534	0.00097707302
0.385849	0.00251211858
0.386359	0.0016878656899999996
0.386868	0.00280750398
0.387377	0.00230926169
0.387887	0.0013383441999999996
0.388396	0.0020044634800000004
0.388905	0.0019463114099999997
0.389415	0.0018392342799999997
0.389924	0.0014852099199999997
0.390434	0.0002818760400000006
0.390943	0.0010641143100000002
0.391452	0.0015961147300000002
0.391962	0.0009398616900000004
0.392471	0.0015723769600000004
0.39298	0.00247952364
0.39349	0.0007600209700000002
0.393999	0.0021911232299999996
0.394509	0.0017274036300000003
0.395018	0.0027986495100000004
0.395527	0.0015539915399999998
0.396037	0.00145345811
0.396546	0.00265918809
0.397055	0.0029201569799999997
0.397565	0.0011970874700000006
0.398074	0.0010298042000000001
0.398584	0.0005670296299999998
0.399093	0.0019137174399999997
0.399602	0.0008499929899999999
